3 0.286376 0.237103 0.162698 0.099206
3 0.661376 0.840774 0.097884 0.074405
6 0.446429 0.344742 0.152116 0.084325
6 0.457011 0.425099 0.107143 0.076389
14 0.465608 0.250000 0.132275 0.099206
14 0.564815 0.194940 0.113757 0.094246
14 0.675926 0.161210 0.108466 0.100198
14 0.722222 0.245040 0.116402 0.085317
14 0.619048 0.275794 0.113757 0.089286
14 0.532407 0.341766 0.104497 0.090278
14 0.371693 0.545139 0.124339 0.086310
14 0.455026 0.617063 0.108466 0.087302
14 0.327381 0.656250 0.107143 0.078373
14 0.662698 0.645337 0.105820 0.080357
14 0.761905 0.695933 0.079365 0.078373
14 0.447090 0.720238 0.092593 0.085317
14 0.718915 0.784722 0.078042 0.065476
14 0.767196 0.869544 0.084656 0.076389
14 0.718915 0.950397 0.091270 0.059524
14 0.609127 0.970734 0.096561 0.040675
14 0.556217 0.868056 0.107143 0.049603
14 0.354497 0.893849 0.116402 0.077381
14 0.194444 0.828373 0.111111 0.087302
14 0.569444 0.692460 0.093915 0.083333
14 0.381614 0.828869 0.112434 0.040675
7 0.655423 0.479663 0.070106 0.062500
7 0.751984 0.482639 0.078042 0.062500
7 0.830688 0.453869 0.079365 0.050595
7 0.812169 0.529266 0.052910 0.052579
7 0.403439 0.651290 0.068783 0.062500
7 0.839947 0.681052 0.071429 0.060516
7 0.368386 0.864087 0.075397 0.055556
7 0.258598 0.812996 0.075397 0.046627
7 0.603836 0.926587 0.062169 0.043651
7 0.724868 0.914187 0.076720 0.044643
16 0.365079 0.750496 0.134921 0.122024
3 0.669974 0.733135 0.146825 0.101190
3 0.472222 0.944444 0.142857 0.109127
3 0.205688 0.932044 0.160053 0.108135
11 0.869048 0.779762 0.142857 0.105159
11 0.810847 0.791171 0.089947 0.070437
