14 0.300265 0.160218 0.198413 0.151786
14 0.488757 0.151290 0.178571 0.139881
14 0.669974 0.175099 0.165344 0.133929
14 0.661376 0.310020 0.185185 0.141865
14 0.479497 0.281746 0.175926 0.138889
14 0.311508 0.303571 0.138889 0.132937
14 0.068122 0.726687 0.130952 0.155754
14 0.140212 0.887401 0.216931 0.165675
6 0.159392 0.253472 0.228836 0.143849
7 0.328704 0.595734 0.144180 0.098214
7 0.488757 0.675099 0.141534 0.104167
7 0.634921 0.690476 0.129630 0.099206
7 0.524471 0.803075 0.117725 0.098214
