3 0.159392 0.427579 0.316138 0.263889
11 0.519180 0.586806 0.371693 0.270833
16 0.591270 0.897321 0.330688 0.205357
14 0.246693 0.210317 0.239418 0.202381
3 0.960979 0.334821 0.078042 0.197421
14 0.886905 0.251488 0.226190 0.231151
14 0.691138 0.095238 0.316138 0.188492
14 0.240741 0.611607 0.227513 0.165675
14 0.644180 0.424107 0.298942 0.227183
14 0.246693 0.833333 0.231481 0.168651
7 0.320106 0.926091 0.156085 0.139881
14 0.765873 0.757937 0.211640 0.202381
7 0.908069 0.777778 0.183862 0.144841
11 1.000000 0.094246 0.000000 0.174603
7 0.831349 0.133929 0.239418 0.184524
14 0.074074 0.284722 0.145503 0.174603
