16 0.367063 0.302579 0.157407 0.119048
16 0.051587 0.604663 0.100529 0.114087
3 0.121032 0.420635 0.162698 0.119048
3 0.353175 0.564484 0.145503 0.109127
3 0.679233 0.438988 0.149471 0.122024
11 0.839286 0.588790 0.115079 0.110119
11 0.485450 0.437996 0.158730 0.112103
11 0.078042 0.905258 0.153439 0.106151
3 0.595899 0.560020 0.115079 0.080357
14 0.506614 0.123512 0.126984 0.104167
14 0.541667 0.233631 0.107143 0.094246
14 0.400794 0.214782 0.113757 0.074405
14 0.166667 0.339286 0.121693 0.085317
14 0.279101 0.470734 0.119048 0.082341
14 0.608466 0.360615 0.087302 0.090278
14 0.722884 0.355159 0.112434 0.083333
14 0.792989 0.452877 0.080688 0.088294
14 0.687831 0.525794 0.100529 0.071429
14 0.485450 0.517857 0.108466 0.067460
14 0.451720 0.674107 0.091270 0.072421
14 0.583995 0.700397 0.109788 0.073413
14 0.677249 0.635417 0.084656 0.076389
14 0.555556 0.618552 0.068783 0.082341
7 0.861772 0.479167 0.078042 0.071429
7 0.605159 0.655754 0.072751 0.057540
7 0.488757 0.613095 0.067460 0.055556
7 0.309524 0.431052 0.084656 0.054563
7 0.233466 0.328869 0.078042 0.064484
7 0.531085 0.348214 0.072751 0.067460
7 0.480159 0.230655 0.066138 0.072421
7 0.814153 0.184524 0.083333 0.073413
7 0.904101 0.226687 0.088624 0.058532
7 0.978175 0.237599 0.043651 0.056548
7 0.912698 0.306548 0.084656 0.057540
11 0.766534 0.570933 0.123016 0.072421
