3 0.593254 0.294147 0.210317 0.159722
14 0.726852 0.466270 0.173280 0.128968
14 0.893519 0.491567 0.154762 0.131944
14 0.844577 0.610615 0.144180 0.122024
14 0.952381 0.660714 0.095238 0.126984
14 0.675265 0.594742 0.162698 0.112103
14 0.210317 0.671131 0.169312 0.131944
14 0.199735 0.812004 0.145503 0.127976
14 0.324735 0.907242 0.178571 0.125992
14 0.053571 0.716766 0.101852 0.066468
14 0.057540 0.894345 0.104497 0.066468
14 0.199074 0.971726 0.136243 0.056548
6 0.577381 0.523810 0.141534 0.152778
6 0.490741 0.608135 0.145503 0.148810
7 0.588624 0.837302 0.126984 0.087302
7 0.688492 0.935020 0.123016 0.106151
7 0.808862 0.962302 0.101852 0.075397
7 0.073413 0.809028 0.120370 0.098214
7 0.063492 0.960813 0.113757 0.076389
