14 0.101190 0.084325 0.199735 0.166667
14 0.287698 0.243552 0.263228 0.256944
14 0.742725 0.262897 0.451058 0.388889
14 0.541005 0.094742 0.375661 0.185516
14 0.271825 0.039187 0.167989 0.076389
14 0.082672 0.305060 0.162698 0.221230
14 0.146164 0.537202 0.234127 0.243056
14 0.434524 0.551091 0.342593 0.296627
14 0.782407 0.730655 0.429894 0.415675
14 0.259921 0.805060 0.250000 0.252976
14 0.538360 0.916171 0.367725 0.167659
14 0.063492 0.696429 0.124339 0.226190
14 0.066138 0.904762 0.129630 0.190476
