14 0.656746 0.190476 0.183862 0.148810
14 0.779101 0.289187 0.174603 0.139881
14 0.517857 0.283730 0.183862 0.140873
14 0.656085 0.375992 0.174603 0.140873
14 0.411376 0.400794 0.198413 0.150794
14 0.565476 0.506448 0.181217 0.137897
14 0.468254 0.891865 0.179894 0.142857
14 0.642857 0.937996 0.177249 0.124008
14 0.957011 0.905258 0.085979 0.141865
14 0.873016 0.971230 0.164021 0.057540
7 0.866402 0.651290 0.097884 0.088294
7 0.972222 0.612599 0.055556 0.090278
6 0.501323 0.668651 0.195767 0.144841
6 0.445767 0.550595 0.259259 0.121032
3 0.111111 0.467262 0.219577 0.182540
