5 0.299603 0.126488 0.093915 0.082341
5 0.240079 0.209325 0.080688 0.071429
5 0.214286 0.295139 0.089947 0.074405
3 0.490741 0.186508 0.124339 0.089286
3 0.402116 0.261409 0.111111 0.080357
8 0.301587 0.385417 0.148148 0.056548
11 0.505291 0.419147 0.142857 0.108135
10 0.679894 0.409722 0.092593 0.067460
10 0.683201 0.325893 0.099206 0.080357
1 0.817460 0.265377 0.148148 0.078373
1 0.816799 0.360615 0.152116 0.080357
4 0.814153 0.482639 0.170635 0.074405
4 0.793651 0.593254 0.171958 0.091270
4 0.935185 0.557540 0.129630 0.085317
8 0.771164 0.726687 0.129630 0.098214
15 0.917989 0.867560 0.161376 0.114087
15 0.770503 0.903274 0.152116 0.120040
6 0.541667 0.905258 0.170635 0.098214
6 0.517857 0.801587 0.157407 0.091270
11 0.501984 0.676587 0.146825 0.103175
11 0.500661 0.539187 0.141534 0.110119
2 0.341931 0.516865 0.083333 0.061508
2 0.340608 0.594742 0.075397 0.060516
2 0.349868 0.669643 0.083333 0.059524
5 0.357143 0.880456 0.121693 0.096230
5 0.277778 0.799603 0.124339 0.095238
8 0.140212 0.701885 0.156085 0.076389
2 0.232143 0.596726 0.080688 0.064484
9 0.095899 0.561012 0.152116 0.072421
9 0.131614 0.481647 0.160053 0.060516
