7 0.491402 0.231151 0.160053 0.123016
7 0.320106 0.057044 0.179894 0.112103
3 0.184524 0.256944 0.231481 0.184524
6 0.349868 0.799603 0.205026 0.253968
7 0.563492 0.731647 0.148148 0.118056
3 0.692460 0.428571 0.297619 0.230159
11 0.129630 0.455853 0.214286 0.161706
7 0.079365 0.703373 0.156085 0.123016
7 0.057540 0.937004 0.112434 0.122024
7 0.541667 0.951885 0.144180 0.096230
14 0.176587 0.066468 0.220899 0.128968
14 0.478175 0.043155 0.162698 0.078373
14 0.650794 0.139385 0.227513 0.183532
14 0.383598 0.178571 0.227513 0.166667
14 0.517196 0.351190 0.148148 0.132937
14 0.406746 0.515873 0.199735 0.172619
14 0.255952 0.346726 0.223545 0.147817
14 0.056217 0.267857 0.101852 0.166667
14 0.199074 0.587302 0.228836 0.125000
14 0.666667 0.668155 0.227513 0.169643
14 0.830688 0.821429 0.243386 0.178571
14 0.673280 0.935516 0.201058 0.128968
14 0.455688 0.731647 0.191799 0.181548
14 0.146825 0.760417 0.195767 0.165675
14 0.191799 0.940476 0.169312 0.119048
14 0.420635 0.928571 0.219577 0.142857
