16 0.143519 0.566964 0.115079 0.086310
11 0.154101 0.806548 0.125661 0.083333
16 0.208995 0.895833 0.105820 0.085317
3 0.224206 0.436508 0.107143 0.077381
3 0.597884 0.458333 0.103175 0.075397
3 0.379630 0.542659 0.097884 0.073413
16 0.398810 0.365079 0.101852 0.073413
11 0.469577 0.459325 0.100529 0.081349
7 0.691138 0.301091 0.062169 0.048611
7 0.754630 0.327381 0.062169 0.035714
7 0.812831 0.332341 0.048942 0.037698
7 0.763228 0.381448 0.050265 0.040675
7 0.500661 0.400298 0.048942 0.048611
7 0.733466 0.498512 0.062169 0.040675
7 0.550265 0.615079 0.050265 0.037698
7 0.467593 0.581349 0.062169 0.037698
7 0.349868 0.449901 0.056878 0.040675
7 0.474868 0.322421 0.050265 0.039683
7 0.305556 0.379464 0.047619 0.042659
3 0.574735 0.039187 0.091270 0.070437
3 0.544974 0.544147 0.084656 0.056548
6 0.619048 0.157738 0.097884 0.067460
14 0.666667 0.109127 0.087302 0.065476
14 0.740741 0.102183 0.079365 0.061508
14 0.820106 0.109623 0.079365 0.064484
14 0.821429 0.172123 0.079365 0.062500
14 0.744048 0.161210 0.072751 0.060516
14 0.675265 0.173611 0.067460 0.057540
14 0.485450 0.255952 0.076720 0.063492
14 0.418651 0.306548 0.083333 0.047619
14 0.509921 0.326389 0.070106 0.063492
14 0.552249 0.407242 0.062169 0.052579
14 0.631614 0.409226 0.078042 0.058532
14 0.608466 0.522321 0.068783 0.054563
14 0.441138 0.631448 0.070106 0.054563
14 0.531085 0.649306 0.083333 0.058532
14 0.601852 0.605655 0.068783 0.056548
14 0.326720 0.478175 0.076720 0.055556
14 0.265212 0.386905 0.072751 0.057540
11 0.669974 0.559524 0.062169 0.051587
11 0.720899 0.574405 0.082011 0.077381
