14 1.000000 0.382440 0.000000 0.145833
14 1.000000 0.551587 0.000000 0.162698
14 0.194444 0.213790 0.169312 0.139881
14 0.360450 0.234623 0.178571 0.151786
14 0.514550 0.107639 0.190476 0.149802
14 0.734127 0.164187 0.195767 0.153770
14 0.800265 0.313492 0.201058 0.148810
14 0.912037 0.421627 0.175926 0.138889
14 0.589286 0.316964 0.183862 0.141865
14 0.682540 0.458829 0.182540 0.137897
14 0.847884 0.558036 0.206349 0.147817
14 0.421296 0.412698 0.181217 0.140873
14 0.246032 0.348710 0.182540 0.137897
14 0.080026 0.376984 0.157407 0.128968
14 0.165344 0.498016 0.174603 0.136905
14 0.335979 0.565972 0.169312 0.135913
14 0.527778 0.596230 0.174603 0.142857
14 0.732143 0.673115 0.197090 0.143849
14 0.537037 0.745040 0.193122 0.142857
14 0.332011 0.708829 0.169312 0.135913
14 0.184524 0.642857 0.165344 0.128968
