5 0.259921 0.200893 0.138889 0.082341
14 0.372354 0.230655 0.125661 0.106151
14 0.507937 0.263889 0.116402 0.087302
14 0.663360 0.271329 0.125661 0.104167
14 0.830688 0.253968 0.121693 0.099206
14 0.784392 0.363591 0.084656 0.066468
14 0.818122 0.450893 0.125661 0.098214
14 0.789683 0.561508 0.129630 0.093254
14 0.698413 0.500992 0.119048 0.065476
14 0.673942 0.581349 0.093915 0.081349
14 0.777116 0.672123 0.059524 0.090278
14 0.610450 0.673611 0.091270 0.089286
14 0.557540 0.490575 0.115079 0.088294
14 0.626323 0.377976 0.109788 0.073413
14 0.443122 0.377976 0.052910 0.103175
14 0.263228 0.292163 0.140212 0.098214
14 0.305556 0.388889 0.108466 0.095238
14 0.304233 0.489087 0.134921 0.087302
14 0.432540 0.503968 0.108466 0.103175
14 0.314815 0.572421 0.145503 0.067460
14 0.230159 0.684028 0.126984 0.098214
14 0.302249 0.780258 0.101852 0.092262
14 0.488757 0.779762 0.093915 0.091270
14 0.406085 0.678075 0.066138 0.086310
6 0.516534 0.359127 0.091270 0.144841
3 0.501323 0.653770 0.129630 0.103175
7 0.383598 0.375000 0.089947 0.063492
7 0.645503 0.438988 0.089947 0.072421
7 0.710317 0.312004 0.082011 0.068452
7 0.800265 0.752976 0.089947 0.071429
7 0.394180 0.748016 0.084656 0.065476
7 0.337302 0.641865 0.082011 0.079365
3 0.499339 0.655258 0.120370 0.100198
