1 0.252646 0.446429 0.497354 0.255952
11 0.835979 0.484127 0.328042 0.246032
7 0.148810 0.233135 0.220899 0.170635
7 0.425265 0.075893 0.205026 0.149802
7 0.395503 0.274802 0.214286 0.136905
7 0.578704 0.262401 0.146825 0.149802
7 0.626323 0.098710 0.194444 0.195437
7 0.740741 0.189980 0.198413 0.127976
7 0.867063 0.078373 0.178571 0.154762
7 0.900794 0.278770 0.198413 0.128968
7 0.802249 0.795635 0.276455 0.202381
7 0.400794 0.755456 0.224868 0.209325
7 0.652778 0.674107 0.181217 0.125992
7 0.592593 0.433036 0.103175 0.159722
