14 0.740741 0.206349 0.121693 0.101190
14 0.604497 0.275298 0.126984 0.104167
14 0.467593 0.320933 0.117725 0.088294
14 0.323413 0.329365 0.115079 0.097222
14 0.259921 0.417659 0.125661 0.103175
14 0.367063 0.483135 0.120370 0.103175
14 0.472884 0.435020 0.070106 0.084325
14 0.612434 0.393849 0.079365 0.101190
14 0.733466 0.311508 0.109788 0.093254
14 0.835979 0.375992 0.111111 0.089286
14 0.748016 0.455357 0.112434 0.089286
14 0.874339 0.484623 0.119048 0.092262
14 0.909392 0.606647 0.070106 0.098214
14 0.758598 0.556548 0.075397 0.089286
14 0.629630 0.493552 0.113757 0.058532
14 0.518519 0.544643 0.111111 0.089286
14 0.413360 0.571925 0.125661 0.084325
14 0.437831 0.657242 0.079365 0.090278
14 0.446429 0.766369 0.120370 0.090278
14 0.576720 0.831349 0.124339 0.085317
14 0.717593 0.787202 0.104497 0.096230
14 0.595899 0.716766 0.080688 0.080357
14 0.587302 0.625992 0.044974 0.081349
5 0.230159 0.331349 0.111111 0.101190
8 0.518519 0.396329 0.116402 0.133929
7 0.415344 0.450893 0.084656 0.062500
7 0.682540 0.421627 0.071429 0.061508
7 0.666667 0.298115 0.071429 0.068452
7 0.517196 0.702381 0.079365 0.075397
7 0.621032 0.774306 0.083333 0.062500
3 0.666667 0.669147 0.134921 0.098214
