14 0.254630 0.518849 0.173280 0.123016
14 0.749339 0.506448 0.157407 0.122024
14 0.570106 0.725198 0.179894 0.132937
14 0.388228 0.775298 0.175926 0.135913
14 0.216270 0.676587 0.186508 0.132937
14 0.207011 0.827381 0.191799 0.152778
14 0.187169 0.955357 0.186508 0.089286
14 0.408069 0.936508 0.173280 0.123016
14 0.610450 0.904762 0.173280 0.142857
14 0.789683 0.920635 0.171958 0.142857
14 0.941138 0.375992 0.117725 0.093254
14 0.786376 0.302083 0.162698 0.096230
14 0.624339 0.252976 0.113757 0.111111
14 0.417989 0.272321 0.142857 0.104167
14 0.392196 0.136905 0.125661 0.103175
14 0.552249 0.133929 0.136243 0.075397
14 0.669974 0.086806 0.138889 0.094246
14 0.363757 0.032738 0.171958 0.063492
14 0.640212 0.021329 0.145503 0.036706
14 0.953704 0.021825 0.092593 0.041667
14 0.948413 0.092262 0.103175 0.091270
3 0.504630 0.193452 0.146825 0.109127
