14 0.421296 0.111607 0.197090 0.157738
14 0.626323 0.101687 0.194444 0.149802
14 0.832011 0.149306 0.201058 0.165675
14 0.642196 0.253968 0.210317 0.152778
14 0.409392 0.279266 0.205026 0.159722
14 0.210979 0.176587 0.197090 0.156746
14 0.169974 0.355159 0.218254 0.154762
14 0.374339 0.468750 0.203704 0.151786
14 0.589286 0.415675 0.205026 0.154762
14 0.847884 0.356151 0.198413 0.146825
14 0.792989 0.504464 0.207672 0.147817
14 0.855159 0.655258 0.199735 0.153770
14 0.640212 0.623016 0.201058 0.156746
14 0.395503 0.657242 0.198413 0.153770
14 0.173280 0.517361 0.208995 0.161706
14 0.166667 0.682044 0.195767 0.143849
14 0.189153 0.839782 0.182540 0.155754
14 0.379630 0.848214 0.187831 0.156746
14 0.585317 0.812996 0.197090 0.167659
14 0.814153 0.821925 0.202381 0.161706
