14 0.443122 0.198909 0.190476 0.153770
14 0.673942 0.204365 0.202381 0.144841
14 0.844577 0.313988 0.189153 0.135913
14 0.921958 0.431548 0.156085 0.142857
14 0.746032 0.449405 0.171958 0.146825
14 0.576720 0.339782 0.182540 0.149802
14 0.341270 0.405258 0.182540 0.149802
14 0.256614 0.251984 0.208995 0.154762
14 0.110450 0.367560 0.207672 0.147817
14 0.103175 0.532738 0.198413 0.154762
14 0.325397 0.573909 0.187831 0.151786
14 0.545635 0.497024 0.191799 0.144841
14 0.677249 0.627480 0.182540 0.143849
14 0.874339 0.646825 0.177249 0.138889
14 0.757937 0.784226 0.177249 0.149802
14 0.573413 0.787698 0.178571 0.154762
14 0.356481 0.744544 0.199735 0.155754
14 0.140212 0.700397 0.203704 0.152778
