14 0.269841 0.090278 0.092593 0.059524
14 0.229497 0.182540 0.085979 0.063492
14 0.312169 0.218254 0.095238 0.067460
14 0.253968 0.274802 0.097884 0.055556
14 0.425265 0.123016 0.075397 0.059524
14 0.508598 0.149306 0.085979 0.066468
14 0.530423 0.206349 0.103175 0.065476
14 0.820106 0.373016 0.108466 0.085317
14 0.677249 0.403274 0.113757 0.080357
14 0.653439 0.506944 0.103175 0.079365
14 0.721561 0.588294 0.104497 0.085317
14 0.806878 0.607639 0.097884 0.086310
14 0.732804 0.711310 0.126984 0.103175
14 0.700397 0.848214 0.117725 0.109127
14 0.461640 0.665675 0.111111 0.093254
14 0.269180 0.710813 0.093915 0.098214
14 0.372354 0.737103 0.083333 0.095238
14 0.292989 0.843750 0.120370 0.106151
14 0.143519 0.774802 0.136243 0.103175
