14 0.458995 0.218254 0.124339 0.109127
14 0.517196 0.323413 0.103175 0.095238
14 0.369048 0.326885 0.105820 0.080357
14 0.159392 0.472222 0.109788 0.087302
14 0.467593 0.432540 0.078042 0.085317
14 0.605159 0.430556 0.101852 0.079365
14 0.719577 0.418651 0.108466 0.083333
14 0.798942 0.497024 0.079365 0.091270
14 0.703704 0.586310 0.087302 0.059524
14 0.717593 0.682540 0.096561 0.071429
14 0.597884 0.684028 0.079365 0.066468
14 0.636905 0.747520 0.099206 0.058532
14 0.515212 0.748512 0.107143 0.064484
14 0.517196 0.610119 0.108466 0.051587
14 0.307540 0.589286 0.125661 0.061508
14 0.360450 0.521329 0.109788 0.064484
14 0.733466 0.041667 0.115079 0.081349
11 0.791667 0.618552 0.115079 0.082341
11 0.496032 0.532242 0.171958 0.125992
11 0.855159 0.628472 0.152116 0.116071
16 0.089286 0.732639 0.160053 0.112103
16 0.358466 0.431052 0.164021 0.129960
3 0.143519 0.576389 0.162698 0.123016
3 0.395503 0.666667 0.153439 0.109127
3 0.693122 0.511409 0.148148 0.114087
7 0.906085 0.337302 0.089947 0.065476
7 0.884921 0.259425 0.095238 0.064484
7 0.789683 0.233135 0.079365 0.073413
7 0.966270 0.261905 0.064815 0.061508
6 0.646825 0.032242 0.164021 0.062500
