16 0.310185 0.250992 0.199735 0.160714
16 0.109127 0.504960 0.202381 0.162698
16 0.108466 0.886409 0.214286 0.181548
11 0.390212 0.466270 0.211640 0.160714
11 0.029762 0.348214 0.056878 0.123016
3 0.507937 0.655754 0.195767 0.152778
3 0.397487 0.797619 0.220899 0.162698
14 0.763228 0.222222 0.142857 0.111111
14 0.884259 0.153770 0.141534 0.115079
14 0.917989 0.302579 0.129630 0.109127
14 0.814153 0.430556 0.146825 0.119048
14 0.854497 0.605655 0.166667 0.122024
7 0.959656 0.052083 0.080688 0.062500
7 0.971561 0.222222 0.056878 0.075397
7 0.814815 0.309524 0.095238 0.073413
7 0.943122 0.472222 0.092593 0.083333
