11 0.506614 0.192956 0.214286 0.151786
11 0.371032 0.373016 0.212963 0.142857
11 0.522487 0.576389 0.216931 0.184524
14 0.333995 0.284226 0.226190 0.143849
14 0.168651 0.458829 0.223545 0.161706
14 0.259921 0.626984 0.220899 0.182540
14 0.071429 0.634921 0.132275 0.176587
14 0.080026 0.812004 0.152116 0.171627
14 0.302249 0.834325 0.236772 0.184524
14 0.124339 0.953869 0.222222 0.092262
14 0.485450 0.704365 0.238095 0.174603
14 0.541667 0.931052 0.263228 0.137897
14 0.708995 0.767361 0.246032 0.191468
14 0.943122 0.686012 0.111111 0.193452
14 0.726190 0.535218 0.261905 0.197421
14 0.900794 0.876488 0.195767 0.207341
14 0.578704 0.355655 0.236772 0.181548
14 0.892196 0.215278 0.215608 0.212302
14 0.921958 0.461310 0.156085 0.214286
