7 0.384921 0.172123 0.169312 0.133929
7 0.143519 0.063492 0.215608 0.125000
7 0.573413 0.838294 0.136243 0.123016
7 0.909392 0.659226 0.107143 0.104167
7 0.728175 0.619048 0.117725 0.101190
7 0.957672 0.441468 0.084656 0.079365
14 0.937831 0.340774 0.121693 0.135913
14 0.849868 0.442956 0.128307 0.139881
14 0.840608 0.590278 0.130952 0.130952
14 0.962302 0.562004 0.075397 0.124008
14 0.888228 0.765873 0.125661 0.142857
14 0.744048 0.770833 0.154762 0.162698
14 0.539683 0.486607 0.240741 0.193452
14 0.199735 0.334325 0.349206 0.220238
14 0.286376 0.485119 0.294974 0.208333
14 0.075397 0.626488 0.142857 0.276786
3 0.585979 0.284226 0.306878 0.247024
11 0.286376 0.747024 0.376984 0.303571
