14 0.610450 0.061012 0.207672 0.120040
14 0.842593 0.051587 0.208995 0.101190
14 0.761905 0.174107 0.214286 0.145833
14 0.947090 0.174107 0.105820 0.145833
14 0.893519 0.322917 0.210317 0.149802
14 0.627646 0.294643 0.210317 0.154762
14 0.428571 0.208333 0.201058 0.144841
14 0.201720 0.230655 0.210317 0.149802
14 0.359788 0.347222 0.206349 0.150794
14 0.134921 0.404266 0.214286 0.155754
14 0.307540 0.508929 0.199735 0.160714
14 0.527778 0.482143 0.206349 0.158730
14 0.731481 0.470734 0.182540 0.161706
14 0.911376 0.473214 0.174603 0.154762
14 0.909392 0.632937 0.178571 0.160714
14 0.710979 0.664187 0.228836 0.169643
14 0.446429 0.654762 0.199735 0.158730
14 0.106481 0.596230 0.199735 0.160714
14 0.207011 0.745536 0.210317 0.163690
14 0.386905 0.869048 0.215608 0.172619
14 0.654101 0.849702 0.220899 0.169643
14 0.879630 0.906250 0.227513 0.181548
14 0.111772 0.912698 0.215608 0.160714
