14 0.347884 0.278274 0.206349 0.151786
14 0.575397 0.265377 0.214286 0.165675
14 0.721561 0.422123 0.212963 0.161706
14 0.474868 0.427083 0.214286 0.157738
14 0.328704 0.546131 0.199735 0.145833
14 0.156085 0.448413 0.182540 0.144841
14 0.093915 0.584325 0.174603 0.128968
14 0.596561 0.590774 0.222222 0.157738
14 0.606481 0.750992 0.210317 0.166667
14 0.411376 0.721726 0.177249 0.165675
14 0.226190 0.718750 0.182540 0.157738
14 0.071429 0.729167 0.140212 0.152778
14 0.163360 0.883433 0.191799 0.163690
14 0.381614 0.912698 0.205026 0.172619
14 0.594577 0.914187 0.215608 0.171627
