14 0.659392 0.057044 0.099206 0.070437
14 0.746032 0.044643 0.082011 0.067460
14 0.837302 0.056052 0.087302 0.076389
14 0.842593 0.128472 0.097884 0.072421
14 0.752646 0.119048 0.082011 0.075397
14 0.671958 0.128968 0.079365 0.061508
14 0.464286 0.223214 0.076720 0.063492
14 0.495370 0.301587 0.080688 0.067460
14 0.392196 0.293155 0.085979 0.058532
14 0.214286 0.371032 0.084656 0.067460
14 0.289683 0.473214 0.087302 0.063492
14 0.632937 0.392857 0.091270 0.061508
14 0.685847 0.469246 0.070106 0.065476
14 0.599206 0.525794 0.079365 0.059524
14 0.521825 0.669147 0.085979 0.060516
14 0.418651 0.648810 0.083333 0.071429
14 0.601190 0.620040 0.072751 0.063492
14 0.499339 0.598214 0.072751 0.069444
14 0.446429 0.510417 0.080688 0.060516
14 0.347884 0.424107 0.071429 0.052579
14 0.538360 0.395833 0.063492 0.063492
7 0.451720 0.298611 0.067460 0.051587
7 0.481481 0.388393 0.052910 0.052579
7 0.312831 0.445933 0.051587 0.032738
7 0.445106 0.593254 0.051587 0.047619
7 0.544974 0.626984 0.055556 0.043651
7 0.746032 0.492560 0.058201 0.044643
7 0.261243 0.363095 0.054233 0.043651
7 0.695106 0.270337 0.067460 0.046627
7 0.768519 0.307044 0.066138 0.046627
7 0.833995 0.310516 0.067460 0.041667
7 0.779101 0.363095 0.060847 0.051587
3 0.536376 0.552083 0.088624 0.066468
3 0.597884 0.453869 0.108466 0.084325
3 0.342593 0.549603 0.121693 0.083333
3 0.169974 0.434028 0.120370 0.088294
11 0.670635 0.565972 0.089947 0.064484
11 0.730159 0.586310 0.097884 0.087302
11 0.449735 0.452381 0.129630 0.089286
11 0.093915 0.849702 0.153439 0.092262
16 0.076720 0.576885 0.129630 0.094246
16 0.161376 0.946925 0.132275 0.094246
6 0.609788 0.108631 0.100529 0.074405
