14 0.834656 0.391369 0.330688 0.304563
14 0.271164 0.278770 0.256614 0.212302
14 0.536376 0.112599 0.263228 0.221230
14 0.830026 0.112103 0.334656 0.220238
14 0.082011 0.085813 0.161376 0.167659
14 0.078704 0.416171 0.152116 0.181548
14 0.328042 0.478671 0.208995 0.191468
14 0.105159 0.614583 0.189153 0.181548
14 0.453704 0.861607 0.304233 0.235119
14 0.583333 0.951885 0.349206 0.096230
6 0.539021 0.620536 0.519841 0.288690
3 0.135582 0.882440 0.218254 0.209325
10 0.064815 0.584325 0.126984 0.162698
