6 0.198413 0.064980 0.261905 0.125992
6 0.130952 0.216766 0.248677 0.133929
6 0.330026 0.321925 0.279101 0.187500
14 0.416005 0.100694 0.226190 0.153770
14 0.507937 0.208829 0.195767 0.153770
3 0.791005 0.202877 0.182540 0.157738
10 0.806878 0.423115 0.148148 0.139881
14 0.822751 0.556052 0.179894 0.141865
14 0.550265 0.460813 0.174603 0.137897
14 0.593915 0.615079 0.190476 0.144841
14 0.767196 0.825893 0.190476 0.141865
14 0.357143 0.680556 0.179894 0.162698
3 0.179894 0.759425 0.230159 0.159722
14 0.195767 0.452381 0.185185 0.172619
14 0.074074 0.389385 0.142857 0.189484
14 0.033730 0.750000 0.062169 0.154762
14 0.193122 0.872024 0.227513 0.140873
