14 0.207011 0.056548 0.207672 0.087302
14 0.404101 0.043651 0.183862 0.079365
14 0.609788 0.051091 0.190476 0.082341
14 0.498677 0.093254 0.222222 0.097222
14 0.767857 0.136409 0.212963 0.094246
14 0.861772 0.213790 0.257937 0.116071
14 0.559524 0.188492 0.246032 0.128968
14 0.816799 0.337798 0.310847 0.189484
14 0.511905 0.423611 0.359788 0.236111
14 0.328042 0.244544 0.304233 0.169643
14 0.063492 0.095734 0.121693 0.082341
14 0.112434 0.316468 0.222222 0.176587
14 0.153439 0.542163 0.296296 0.260913
14 0.279762 0.831845 0.525132 0.336310
14 0.751984 0.756944 0.493386 0.378968
14 0.909392 0.540675 0.181217 0.240079
