14 0.347884 0.278274 0.206349 0.151786
14 0.575397 0.265873 0.214286 0.164683
14 0.721561 0.422619 0.212963 0.162698
14 0.474868 0.428075 0.214286 0.157738
14 0.328704 0.546627 0.199735 0.146825
14 0.156746 0.448413 0.183862 0.144841
14 0.095238 0.585317 0.174603 0.128968
14 0.596561 0.590774 0.222222 0.157738
14 0.607804 0.751488 0.210317 0.165675
14 0.412037 0.722222 0.178571 0.164683
14 0.226852 0.719742 0.183862 0.157738
14 0.072090 0.729167 0.138889 0.152778
14 0.163360 0.883433 0.191799 0.163690
14 0.381614 0.913690 0.205026 0.172619
14 0.595899 0.914187 0.215608 0.171627
