5 0.179894 0.154266 0.187831 0.122024
7 0.357804 0.390873 0.123016 0.093254
7 0.423942 0.209325 0.128307 0.091270
7 0.811508 0.282242 0.125661 0.096230
7 0.736772 0.460317 0.116402 0.091270
7 0.310847 0.753968 0.111111 0.105159
7 0.402778 0.908234 0.123016 0.088294
7 0.953042 0.885417 0.093915 0.086310
14 0.328704 0.182540 0.170635 0.144841
14 0.183862 0.279266 0.190476 0.129960
14 0.523810 0.227183 0.164021 0.132937
14 0.748677 0.224206 0.190476 0.156746
14 0.948413 0.192956 0.103175 0.139881
14 0.927910 0.337798 0.101852 0.122024
14 0.945106 0.464782 0.109788 0.133929
14 0.807540 0.550595 0.175926 0.087302
14 0.933201 0.623016 0.133598 0.132937
14 0.701720 0.378472 0.167989 0.092262
14 0.452381 0.391865 0.068783 0.146825
14 0.256614 0.418651 0.158730 0.134921
14 0.263228 0.550099 0.177249 0.127976
14 0.437831 0.563492 0.158730 0.134921
14 0.615079 0.543651 0.182540 0.103175
14 0.493386 0.680556 0.148148 0.073413
14 0.285714 0.655754 0.190476 0.079365
14 0.179233 0.808532 0.181217 0.125000
14 0.286376 0.937500 0.144180 0.113095
14 0.538360 0.938988 0.119048 0.122024
14 0.416667 0.800099 0.095238 0.118056
14 0.928571 0.781746 0.079365 0.130952
14 0.699735 0.792163 0.145503 0.114087
14 0.772487 0.664187 0.132275 0.124008
6 0.539683 0.355159 0.150794 0.204365
3 0.542989 0.774802 0.167989 0.136905
