14 0.422619 0.112599 0.197090 0.157738
14 0.626984 0.101687 0.193122 0.149802
14 0.833333 0.149306 0.201058 0.165675
14 0.642196 0.254960 0.210317 0.152778
14 0.410714 0.279762 0.205026 0.160714
14 0.210979 0.177579 0.197090 0.156746
14 0.169974 0.355159 0.218254 0.154762
14 0.375000 0.469246 0.205026 0.150794
14 0.589286 0.415675 0.205026 0.154762
14 0.848545 0.356151 0.199735 0.146825
14 0.794312 0.505456 0.207672 0.147817
14 0.855820 0.655754 0.198413 0.152778
14 0.640212 0.623016 0.201058 0.156746
14 0.396164 0.658234 0.199735 0.153770
14 0.173942 0.517857 0.210317 0.162698
14 0.166667 0.682044 0.195767 0.143849
14 0.189815 0.839782 0.183862 0.155754
14 0.379630 0.849206 0.187831 0.156746
14 0.586640 0.813492 0.197090 0.166667
14 0.815476 0.821925 0.202381 0.161706
