7 0.326058 0.145833 0.207672 0.168651
7 0.539683 0.146825 0.267196 0.194444
7 0.865741 0.304067 0.210317 0.189484
7 0.871032 0.539683 0.197090 0.186508
7 0.376323 0.277778 0.191799 0.138889
7 0.669974 0.200893 0.146825 0.110119
7 0.572090 0.296131 0.186508 0.110119
7 0.734788 0.432044 0.154762 0.147817
7 0.630291 0.711806 0.218254 0.177579
7 0.592593 0.589782 0.185185 0.133929
7 0.388228 0.492560 0.199735 0.143849
7 0.215608 0.368056 0.206349 0.132937
7 0.162037 0.216270 0.220899 0.176587
7 0.124339 0.582341 0.206349 0.160714
7 0.222222 0.708333 0.201058 0.119048
7 0.293651 0.839782 0.195767 0.203373
7 0.437169 0.701885 0.175926 0.133929
7 0.814815 0.854663 0.211640 0.195437
7 0.462302 0.914683 0.215608 0.170635
7 0.083995 0.787202 0.160053 0.183532
