16 0.144180 0.567956 0.113757 0.086310
11 0.154762 0.806548 0.124339 0.083333
16 0.208995 0.896825 0.105820 0.085317
3 0.225529 0.437004 0.107143 0.076389
3 0.598545 0.459325 0.104497 0.075397
3 0.379630 0.542659 0.097884 0.073413
16 0.398810 0.366071 0.101852 0.073413
11 0.470899 0.460317 0.100529 0.081349
7 0.691799 0.302083 0.060847 0.048611
7 0.755952 0.327877 0.062169 0.036706
7 0.814153 0.333333 0.048942 0.037698
7 0.763228 0.382440 0.050265 0.040675
7 0.501984 0.400298 0.048942 0.048611
7 0.733466 0.499008 0.062169 0.039683
7 0.550265 0.616071 0.050265 0.037698
7 0.467593 0.581845 0.062169 0.038690
7 0.350529 0.450397 0.055556 0.039683
7 0.475529 0.322421 0.048942 0.039683
7 0.306878 0.380456 0.047619 0.042659
3 0.576058 0.039187 0.091270 0.070437
3 0.544974 0.544643 0.084656 0.055556
6 0.619048 0.158234 0.097884 0.068452
14 0.667989 0.109623 0.087302 0.066468
14 0.740741 0.102183 0.079365 0.061508
14 0.820106 0.110119 0.079365 0.065476
14 0.821429 0.173115 0.079365 0.062500
14 0.744048 0.162202 0.072751 0.060516
14 0.675265 0.174107 0.067460 0.056548
14 0.485450 0.256944 0.076720 0.063492
14 0.419312 0.306548 0.082011 0.047619
14 0.509921 0.326389 0.070106 0.063492
14 0.553571 0.407738 0.062169 0.053571
14 0.631614 0.410218 0.078042 0.058532
14 0.608466 0.523313 0.068783 0.054563
14 0.442460 0.632440 0.070106 0.054563
14 0.531085 0.649306 0.083333 0.058532
14 0.601852 0.605655 0.068783 0.056548
14 0.328042 0.478175 0.076720 0.055556
14 0.265873 0.386905 0.074074 0.057540
11 0.669974 0.560020 0.062169 0.052579
11 0.721561 0.574405 0.083333 0.077381
