14 0.356151 0.182540 0.130952 0.166667
14 0.506944 0.160053 0.128968 0.182540
14 0.624504 0.082011 0.122024 0.150794
14 0.652778 0.246693 0.126984 0.170635
14 0.789187 0.191799 0.135913 0.169312
14 0.771329 0.365741 0.135913 0.178571
14 0.898313 0.510582 0.133929 0.195767
14 0.838790 0.735450 0.145833 0.216931
14 0.686012 0.593915 0.143849 0.185185
14 0.584325 0.422619 0.144841 0.183862
14 0.437004 0.335979 0.129960 0.171958
14 0.291171 0.335317 0.137897 0.175926
14 0.256448 0.537037 0.141865 0.190476
14 0.408234 0.535714 0.135913 0.190476
14 0.540179 0.681878 0.137897 0.189153
14 0.686508 0.798280 0.142857 0.189153
14 0.574405 0.908069 0.134921 0.167989
14 0.440476 0.845899 0.132937 0.199735
14 0.327877 0.736111 0.137897 0.199735
