14 0.742063 0.207341 0.121693 0.101190
14 0.605820 0.275298 0.126984 0.104167
14 0.468915 0.320933 0.117725 0.088294
14 0.324735 0.330357 0.115079 0.097222
14 0.260582 0.417659 0.126984 0.103175
14 0.368386 0.483631 0.120370 0.102183
14 0.474206 0.435516 0.070106 0.085317
14 0.612434 0.394841 0.079365 0.101190
14 0.734127 0.312004 0.111111 0.092262
14 0.835979 0.376488 0.111111 0.088294
14 0.748016 0.455853 0.112434 0.088294
14 0.874339 0.485615 0.119048 0.092262
14 0.910714 0.606647 0.070106 0.098214
14 0.758598 0.556548 0.075397 0.089286
14 0.629630 0.493552 0.113757 0.058532
14 0.519841 0.544643 0.111111 0.089286
14 0.413360 0.571925 0.125661 0.084325
14 0.437831 0.657738 0.079365 0.089286
14 0.447090 0.766865 0.119048 0.089286
14 0.578042 0.832341 0.124339 0.085317
14 0.718254 0.788194 0.103175 0.096230
14 0.597222 0.716766 0.080688 0.080357
14 0.588624 0.626488 0.044974 0.082341
5 0.230159 0.332341 0.111111 0.101190
8 0.519841 0.397321 0.116402 0.133929
7 0.415344 0.450893 0.084656 0.062500
7 0.682540 0.422123 0.071429 0.060516
7 0.667328 0.298611 0.072751 0.069444
7 0.517196 0.702877 0.079365 0.074405
7 0.621032 0.774306 0.083333 0.062500
3 0.667328 0.669147 0.133598 0.098214
