3 0.564484 0.701058 0.242063 0.338624
3 0.739583 0.187831 0.185516 0.238095
6 0.196925 0.337302 0.252976 0.193122
7 0.266865 0.569444 0.113095 0.160053
7 0.763889 0.486772 0.128968 0.158730
7 0.945933 0.322090 0.108135 0.170635
7 0.294643 0.074735 0.128968 0.144180
14 0.237103 0.148810 0.172619 0.215608
14 0.433036 0.193783 0.161706 0.226190
11 0.546627 0.136905 0.166667 0.212963
14 0.485119 0.413360 0.172619 0.212963
14 0.329861 0.673280 0.185516 0.238095
14 0.180060 0.832672 0.169643 0.244709
14 0.862599 0.656085 0.183532 0.235450
14 0.822421 0.376323 0.174603 0.226190
14 0.934524 0.156085 0.130952 0.185185
14 0.818452 0.391534 0.164683 0.219577
14 0.057540 0.164021 0.113095 0.198413
7 0.052083 0.543651 0.098214 0.177249
7 0.062996 0.068122 0.124008 0.125661
14 0.727679 0.058862 0.167659 0.115079
