7 0.384921 0.172619 0.169312 0.132937
7 0.144180 0.063988 0.216931 0.125992
7 0.574735 0.838294 0.136243 0.123016
7 0.909392 0.660218 0.107143 0.104167
7 0.728175 0.619048 0.117725 0.101190
7 0.957672 0.442460 0.084656 0.079365
14 0.939153 0.340774 0.121693 0.135913
14 0.851190 0.443948 0.128307 0.139881
14 0.841931 0.590774 0.130952 0.131944
14 0.962302 0.562500 0.075397 0.123016
14 0.889550 0.766369 0.125661 0.143849
14 0.745370 0.771825 0.154762 0.162698
14 0.540344 0.487599 0.242063 0.193452
14 0.200397 0.335317 0.347884 0.220238
14 0.286376 0.485615 0.294974 0.209325
14 0.075397 0.627480 0.142857 0.276786
3 0.585979 0.285218 0.306878 0.247024
11 0.287698 0.747520 0.376984 0.304563
