14 0.610450 0.061012 0.207672 0.120040
14 0.843254 0.052083 0.210317 0.102183
14 0.761905 0.174603 0.214286 0.146825
14 0.947090 0.174603 0.105820 0.146825
14 0.894841 0.322917 0.210317 0.149802
14 0.628968 0.294643 0.210317 0.154762
14 0.429894 0.209325 0.201058 0.144841
14 0.202381 0.230655 0.208995 0.149802
14 0.361111 0.348214 0.206349 0.150794
14 0.135582 0.404266 0.212963 0.155754
14 0.307540 0.508929 0.199735 0.160714
14 0.527778 0.482143 0.206349 0.158730
14 0.732143 0.471230 0.183862 0.162698
14 0.912698 0.474206 0.174603 0.154762
14 0.910053 0.632937 0.177249 0.160714
14 0.710979 0.664187 0.228836 0.169643
14 0.447090 0.655258 0.198413 0.159722
14 0.107804 0.597222 0.199735 0.160714
14 0.208333 0.745536 0.210317 0.163690
14 0.386905 0.869048 0.215608 0.172619
14 0.654762 0.850694 0.219577 0.169643
14 0.879630 0.906746 0.227513 0.180556
14 0.113095 0.913690 0.215608 0.160714
