11 0.507275 0.193948 0.215608 0.151786
11 0.371032 0.373512 0.212963 0.143849
11 0.522487 0.576389 0.216931 0.184524
14 0.335317 0.285218 0.226190 0.143849
14 0.168651 0.459821 0.223545 0.161706
14 0.259921 0.627480 0.220899 0.181548
14 0.071429 0.634921 0.132275 0.176587
14 0.081349 0.812996 0.152116 0.171627
14 0.302249 0.835317 0.236772 0.184524
14 0.125661 0.954365 0.222222 0.091270
14 0.485450 0.705357 0.238095 0.174603
14 0.542328 0.931052 0.264550 0.137897
14 0.708995 0.768353 0.246032 0.191468
14 0.944444 0.686508 0.111111 0.194444
14 0.727513 0.536210 0.261905 0.197421
14 0.902116 0.877480 0.195767 0.207341
14 0.580026 0.356151 0.236772 0.180556
14 0.892196 0.215774 0.215608 0.211310
14 0.922619 0.461310 0.154762 0.214286
