14 0.443122 0.198909 0.190476 0.153770
14 0.673942 0.204861 0.202381 0.145833
14 0.844577 0.314980 0.189153 0.135913
14 0.922619 0.431548 0.154762 0.142857
14 0.746032 0.449405 0.171958 0.146825
14 0.578042 0.340278 0.182540 0.148810
14 0.341931 0.405754 0.183862 0.148810
14 0.257275 0.252976 0.210317 0.154762
14 0.111772 0.367560 0.207672 0.147817
14 0.104497 0.533730 0.198413 0.154762
14 0.325397 0.573909 0.187831 0.151786
14 0.545635 0.497520 0.191799 0.145833
14 0.678571 0.628472 0.182540 0.143849
14 0.875000 0.647817 0.175926 0.138889
14 0.759259 0.784722 0.177249 0.148810
14 0.574074 0.788690 0.179894 0.154762
14 0.357804 0.744544 0.199735 0.155754
14 0.140873 0.700397 0.205026 0.152778
